53 30. 150.
56 26 10.500000 85.4693 19.693 4.88685 0 0 1 17.6848 10.500000 2.11029 20.0794 3.35987 0 0 1 0.35685
55 25 8.500000 74.5667 19.5737 4.02707 0 0 1 13.9189 10.500000 0.78203 18.8972 2.90485 0 0 1 0.22828
54 26 9.500000 82.5049 19.8001 4.71097 0 0 1 17.0723 11.500000 3.12526 21.383 3.66513 0 0 1 0.39256
53 24 7.500000 84.5654 20.4018 5.09763 0 0 1 17.3708 11.500000 0.76695 23.26 5.78179 0 0 1 0.34974
52 24 11.500000 75.8944 20.1955 5.30746 0 0 1 16.6065 11.500000 2.07091 20.1151 2.7019 0 0 1 0.23494
51 23 8.500000 74.2245 20.6848 4.76692 0 0 1 14.9084 12.500000 0.64958 21.2172 -3.2664 0 0 1 0.24765
50 24 10.500000 69.6141 20.2433 5.33484 0 0 1 15.9769 11.500000 6.0964 20.5536 2.60258 0 0 1 0.43556
49 22 8.500000 78.9837 20.8409 5.12783 0 0 1 16.2019 12.500000 0.62938 23.2779 -5.7484 0 0 1 0.39383
48 22 11.500000 70.056 20.5018 5.38869 0 0 1 15.4591 11.500000 1.95188 21.7604 3.77055 0 0 1 0.42262
47 22 8.500000 68.6417 20.807 5.49901 0 0 1 15.3436 11.500000 1.72999 22.2709 4.76127 0 0 1 0.50187
46 22 10.500000 61.8559 20.8394 5.45629 0 0 1 15.0608 10.500000 5.20199 19.9686 3.53323 0 0 1 0.56091
45 21 7.500000 74.5579 21.3706 4.91498 0 0 1 15.1919 10.500000 3.25616 20.4403 3.4264 0 0 1 0.58443
44 20 11.500000 78.0546 21.4334 4.78369 0 0 1 14.7661 10.500000 1.71474 20.6165 4.2508 0 0 1 0.71703
43 20 7.500000 69.7974 21.5252 4.99057 0 0 1 14.4365 9.500000 10.7675 21.2658 2.6702 0 0 1 0.87070
42 20 10.500000 62.5829 21.8383 5.14198 0 0 1 14.0506 8.500000 4.92174 17.2298 9.8199 0 0 1 0.84455
41 19 8.500000 72.1598 21.7145 4.67768 0 0 1 14.4539 8.500000 5.93117 21.2193 4.90723 0 0 1 0.74812
40 20 8.500000 77.7663 21.8826 4.32335 0 0 1 14.1796 9.500000 6.43361 19.2147 4.6776 0 0 1 0.75897
39 19 6.500000 62.4875 22.4299 4.95877 0 0 1 13.4027 9.500000 10.6587 20.4301 3.97299 0 0 1 0.93305
38 18 10.500000 51.0909 22.648 5.78055 0 0 1 12.7181 8.500000 8.31972 19.2504 4.25297 0 0 1 0.95905
37 17 8.500000 62.4022 22.2999 4.98145 0 0 1 13.056 9.500000 3.84784 21.5692 5.55971 0 0 1 0.84290
36 18 8.500000 63.5418 22.4346 4.71527 0 0 1 13.0867 8.500000 8.47517 20.8486 4.82579 0 0 1 0.85724
35 17 6.500000 57.7082 22.8718 4.90874 0 0 1 12.3239 8.500000 9.28046 20.5364 4.52031 0 0 1 1.0562
34 16 11.500000 50.2291 22.9873 5.78861 0 0 1 11.6128 9.500000 5.11305 19.7457 4.40506 0 0 1 1.08198
33 16 8.500000 51.3133 22.8149 5.07079 0 0 1 11.356 8.500000 11.8408 22.7119 4.9808 0 0 1 1.42605
32 16 9.500000 52.6757 23.1961 5.32004 0 0 1 12.3173 8.500000 4.21419 19.2384 7.3139 0 0 1 0.50866
31 15 7.500000 52.1817 23.1801 5.42001 0 0 1 11.9772 11.500000 4.43521 21.4608 4.9207 0 0 1 0.49369
30 14 10.500000 55.4004 23.2369 5.1641 0 0 1 10.9947 11.500000 2.81039 20.3203 3.38441 0 0 1 0.55282
29 14 8.500000 38.3939 23.8455 7.07444 0 0 1 10.633 12.500000 5.83927 22.6262 4.96654 0 0 1 0.73891
28 14 11.500000 7.88416 24.9077 8.64746 0 0 1 6.23461 11.500000 1.79078 20.5535 4.81674 0 0 1 0.38303
27 13 8.500000 17.4308 26.8522 7.801 0 0 1 7.9957 11.500000 1.39547 19.3033 7.59432 0 0 1 0.50711
26 12 11.500000 45.2893 23.6382 5.9987 0 0 1 9.99878 11.500000 2.17515 24.3003 6.90362 0 0 1 0.84628
25 12 7.500000 35.3257 24.2444 6.52713 0 0 1 9.39093 10.500000 8.61649 23.4874 5.5597 0 0 1 1.26442
24 12 11.500000 23.0611 26.0801 10.7597 0 0 1 9.2925 10.500000 9.40419 22.4778 6.7719 0 0 1 1.08482
23 11 9.500000 35.1552 24.8894 6.37133 0 0 1 9.45495 11.500000 5.59419 19.0065 10.1619 0 0 1 1.24578
22 10 10.500000 37.0603 24.0871 6.99041 0 0 1 8.98938 10.500000 5.26197 25.3148 6.68396 0 0 1 1.60339
21 10 6.500000 27.3085 24.7358 7.2215 0 0 1 8.20274 7.500000 13.0333 23.107 7.63027 0 0 1 2.41543
20 10 13.500000 176.958 67.9176 11.2131 0 0 1 8.36506 5.500000 30.3799 23.7565 4.71164 0 0 1 1.95543
19 9 8.500000 36.796 25.0922 6.82884 0 0 1 9.25874 4.500000 6.71909 20.9216 9.4825 0 0 1 1.58504
18 8 8.500000 32.8991 23.5698 9.18877 0 0 1 8.57274 6.500000 6.10885 25.4885 6.6032 0 0 1 1.67012
17 8 4.500000 22.4064 24.742 8.43503 0 0 1 7.55164 6.500000 13.5916 22.6301 7.76323 0 0 1 2.04507
16 8 12.500000 2.76774 24.0168 9.0946 0 0 1 3.53235 7.500000 8.69338 25.7588 2.58173 0 0 1 0.48589
15 7 10.500000 31.5057 25.6285 8.88203 0 0 1 8.67894 11.500000 11.3193 16.2483 -1.8693 0 0 1 0.91982
14 7 7.500000 25.1983 23.1978 3.52978 0 0 1 3.46314 11.500000 5.47551 24.1622 3.67342 0 0 1 0.71983
13 6 4.500000 16.8873 25.5504 9.2616 0 0 1 6.86513 10.500000 13.8064 20.4311 6.63078 0 0 1 1.27627
12 6 16.500000 4.36665 23.8853 4.9733 0 0 1 2.81834 7.500000 3.96124 17.8333 3.00757 0 0 1 0.40844
11 5 11.500000 37.8196 20.097 4.88917 0 0 1 7.09308 8.500000 12.6686 18.9007 3.24293 0 0 1 0.88622
10 5 6.500000 34.3403 20.1725 3.73006 0 0 1 7.11648 4.500000 11.7231 19.04 2.67382 0 0 1 0.71139
9 4 1.500000 48.9714 20.6814 2.67287 0 0 1 6.07963 2.500000 14.1724 18.8102 2.14422 0 0 1 0.83312
7 3 2.500000 31.9796 21.379 2.54061 0 0 1 4.40233 2.500000 33.3225 21.7799 2.08095 0 0 1 0.75278
6 3 1.500000 12.2605 22.7423 3.42839 0 0 1 2.66763 1.500000 55.9013 22.7347 2.01687 0 0 1 0.52584
4 2 19.8 0 0 1 0 0 1 0.333         0. 0 0 1 0 0 1 0
3 2 5.5 0 0 1 0 0 1 0.444         0. 0 0 1 0 0 1 0
2 1 2.2 0 0 1 0 0 1 0         0. 0 0 1 0 0 1 0
